10
80
0 1 33 40.300868700529726
0 2 29 17.129015229239528
0 3 96 56.402664645627695
0 4 7 11.683754783429709
0 5 82 28.635602918757584
0 6 65 18.35461323368513
0 7 25 49.9948270496639
0 8 32 45.88207310207535
0 9 49 6.830428278582053
1 2 18 49.807594254653566
1 3 3 4.59573345342323
1 4 49 52.378260923537525
1 5 52 56.0050923945243
1 6 63 59.23960052671406
1 7 6 45.47566689903396
1 8 16 39.83604088234515
1 9 3 50.027912085950895
2 3 83 31.43849334311359
2 4 29 7.611665287911502
2 5 92 32.21298496688426
2 6 18 28.105822306468042
2 7 65 9.112688797064814
2 8 36 39.44792375361855
2 9 7 45.82835848339281
3 4 86 51.86322574047473
3 5 77 14.339823180490692
3 6 89 19.999105430860876
3 7 36 2.8263584849292966
3 8 89 29.350026384854612
3 9 76 22.219823477673543
4 5 36 52.11702917259378
4 6 5 55.108674624089474
4 7 98 33.86030802465291
4 8 52 54.609054790802794
4 9 85 28.774956072360943
5 6 89 14.599992756936683
5 7 66 9.366252051428782
5 8 42 32.690814086052804
5 9 77 45.61826120126091
6 7 86 0.11638478060292723
6 8 74 43.715521581999695
6 9 30 5.892144890488071
7 8 22 39.84400218565154
7 9 21 45.34636406095672
8 9 74 47.754395697057646