10
100
0 1 64 93.96818226216533
0 2 87 24.302047473424448
0 3 87 45.576378888577416
0 4 72 6.123582675218753
0 5 31 21.909194640260587
0 6 84 2.1448640384126527
0 7 78 12.5069749389628
0 8 38 91.48590335634998
0 9 77 51.985952715245745
1 2 47 39.0325204663554
1 3 62 69.74854378690334
1 4 82 86.23199551524117
1 5 18 21.93430619147898
1 6 74 92.47409553451065
1 7 43 7.620391147669247
1 8 36 97.1596533123178
1 9 94 31.20380354747816
2 3 88 98.77361677352013
2 4 8 11.308505307624939
2 5 6 81.24951512992014
2 6 89 78.74986080560858
2 7 91 14.449116900136104
2 8 27 41.71074522219567
2 9 66 12.466256186147318
3 4 63 66.76943297243716
3 5 32 45.97881513514861
3 6 55 35.725460306497894
3 7 48 81.69064376847463
3 8 55 79.25226278590199
3 9 17 38.98229569218393
4 5 22 99.47306178642303
4 6 73 83.24706795269694
4 7 92 0.7225709181234108
4 8 79 11.245791865416555
4 9 2 70.81402352349397
5 6 76 89.64821368760762
5 7 92 17.36819854022643
5 8 87 59.65092587022623
5 9 80 51.83151321809984
6 7 65 87.08148802005404
6 8 83 2.978128027236504
6 9 22 94.26119929226098
7 8 7 30.215394029627173
7 9 64 8.985349976449953
8 9 96 81.50647470413833