20
80
0 1 61 4.4478655907432865
0 2 73 1.071742894630977
0 3 78 1.5056608602847743
0 4 45 3.4374099537317795
0 5 52 3.352384239110553
0 6 53 1.1448675687057563
0 7 74 8.040231508985299
0 8 97 3.714765753553827
0 9 48 7.798582533617613
0 10 65 9.568617751575294
0 11 80 8.180543411943543
0 12 72 0.4463163897188116
0 13 5 0.45946034059545116
0 14 83 5.51615189581889
0 15 88 1.3745990710633416
0 16 46 1.2479766632532252
0 17 88 9.362860156464194
0 18 28 2.1094004706888914
0 19 78 3.3512797016537377
1 2 52 1.232998036282602
1 3 85 8.85418406393817
1 4 9 4.14659760954164
1 5 90 4.585566283988472
1 6 96 6.181125521631089
1 7 35 0.33952348770005525
1 8 25 7.552843021140153
1 9 45 6.907162597597356
1 10 67 9.125787375113307
1 11 1 8.62856710677617
1 12 19 0.4286414164580665
1 13 62 5.303332640583244
1 14 35 9.10253503160273
1 15 9 4.624731518003572
1 16 66 8.952719772238302
1 17 72 4.125159918387153
1 18 30 0.5445514626660641
1 19 26 8.279247687001877
2 3 4 7.61549785805852
2 4 87 1.2943583894521205
2 5 67 2.9676360735164877
2 6 63 9.286478963042871
2 7 1 5.438110697508293
2 8 98 7.233270149385166
2 9 4 1.9073366075547293
2 10 45 3.4349637857864748
2 11 18 0.5000035972123862
2 12 80 8.691900441395262
2 13 50 5.5419571619577015
2 14 50 5.37465838020585
2 15 36 0.8289552858384486
2 16 10 5.479211439293997
2 17 13 3.6676985367732073
2 18 22 3.251081302703179
2 19 24 2.7371046052982297
3 4 41 6.111207992058606
3 5 85 7.652029863470534
3 6 46 2.108462947239068
3 7 59 5.647363491472443
3 8 55 1.4657421324306608
3 9 41 6.313964805366537
3 10 50 8.862168998780568
3 11 71 3.583732435381759
3 12 13 4.433154832252127
3 13 30 9.420521536285754
3 14 75 7.151013064566442
3 15 75 1.4750589074847098
3 16 62 8.181960432063018
3 17 30 8.72957682933373
3 18 45 8.382843007048496
3 19 87 1.465771468317495
4 5 14 7.76274267942878
4 6 12 3.5455728235022113
4 7 89 3.5667754112962236
4 8 2 4.992818897008407
4 9 59 7.566957781266465
4 10 90 7.550253633194375
4 11 18 7.019422114826808
4 12 30 8.546872843674064
4 13 68 8.113210563183708
4 14 69 3.809794098677093
4 15 70 6.477070758565669
4 16 63 7.383057000157436
4 17 0 8.77278995011053
4 18 88 4.005280421609244
4 19 65 5.10878945710137
5 6 62 0.9795147500664803
5 7 50 0.15995315327092974
5 8 69 1.3547872768157332
5 9 64 1.4719118988234303
5 10 46 5.857638424769673
5 11 23 7.774269962741355
5 12 93 4.223912273293372
5 13 95 3.489909695653479
5 14 42 8.52107299764476
5 15 70 3.1574264961154364
5 16 48 5.442868695709512
5 17 43 7.523873866992423
5 18 8 1.1205080551885094
5 19 17 0.14208889471230335
6 7 22 8.404691722544317
6 8 93 3.4870161788775587
6 9 88 3.07250852381035
6 10 10 2.5091729377651415
6 11 21 5.849471555207359
6 12 92 6.1043457236029885
6 13 50 0.9836292438768623
6 14 43 3.0675315564405192
6 15 89 8.642075311912187
6 16 10 4.6511297846650095
6 17 15 1.7455532111402972
6 18 36 2.0070630134619316
6 19 55 1.459501952794745
7 8 92 0.28614115290914066
7 9 31 3.340397587718221
7 10 17 4.341228532862932
7 11 60 8.893610195334205
7 12 89 5.170692346977322
7 13 75 4.431893564487784
7 14 32 6.026332840294061
7 15 3 0.014327160412338502
7 16 3 4.898101684536654
7 17 38 2.1055732180918274
7 18 44 0.8820107594808269
7 19 6 5.80106411606379
8 9 22 5.6906394854870666
8 10 2 5.359979394525167
8 11 58 4.713512501995043
8 12 52 9.962823916930928
8 13 31 9.09255786157538
8 14 55 3.2595054171073845
8 15 92 0.5263748262792223
8 16 83 9.612123644005324
8 17 31 0.7448427377573641
8 18 36 4.579004945587864
8 19 48 4.881628807439657
9 10 98 8.73117559129927
9 11 40 5.777358893258761
9 12 82 1.5069190794096732
9 13 14 5.332362915874093
9 14 46 6.394217797747755
9 15 0 8.174264828221437
9 16 99 6.578549409839109
9 17 24 2.2157978908444074
9 18 29 1.2263722055199267
9 19 87 1.971745738117876
10 11 97 9.764836780732328
10 12 2 3.920882047924157
10 13 74 0.7063444136141417
10 14 82 2.465882061965737
10 15 72 4.080292201565953
10 16 69 7.05147840436482
10 17 44 7.961528021237308
10 18 8 1.2596677935374245
10 19 24 4.54384470979427
11 12 99 8.785571109581042
11 13 98 5.620109165869701
11 14 47 1.5903712017920102
11 15 21 2.0206461855281543
11 16 84 7.207356800893672
11 17 74 9.873574754626567
11 18 6 7.587654409495359
11 19 63 3.460865222128243
12 13 71 6.34746613497335
12 14 99 9.216552420148906
12 15 14 3.552293455674663
12 16 14 4.796577207584333
12 17 4 7.531748552670416
12 18 10 2.534259138260574
12 19 47 8.177671433621367
13 14 56 8.733593353568898
13 15 95 9.518720444455674
13 16 79 0.5550337992136256
13 17 73 0.11836467756187186
13 18 51 9.231760053161848
13 19 17 1.2614585818141222
14 15 70 5.920714802881371
14 16 61 0.19475348252059654
14 17 89 9.372432240631875
14 18 71 6.182331208827671
14 19 82 9.02932160790645
15 16 38 0.8513776195858058
15 17 42 1.5781592537302336
15 18 63 8.378408521821948
15 19 28 7.329159285874999
16 17 92 2.0828913377682357
16 18 83 1.2247694289675493
16 19 80 5.414925455444257
17 18 2 8.706726176908234
17 19 35 6.693587682394943
18 19 28 5.1568627446483415