50
99
0 1 36 2.7676540790613657
0 2 83 1.662210301905173
0 3 48 4.350220134046944
0 4 78 5.639965035091751
0 5 40 0.018863078407136857
0 6 94 2.2065305847820977
0 7 7 2.339044847297551
0 8 75 0.538772603621313
0 9 87 2.533663919949253
0 10 74 2.8316318631030386
0 11 1 0.8749129906504303
0 12 92 5.143900694125832
0 13 78 5.8337991910085405
0 14 46 0.547653940110312
0 15 96 5.955435964669892
0 16 98 0.6445207380441795
0 17 11 3.831254068630689
0 18 70 2.8723596087427565
0 19 26 5.5185094157618435
0 20 16 1.6833819665073766
0 21 66 2.3677311224722124
0 22 6 4.821954044805748
0 23 19 5.524678167506621
0 24 49 5.988661921654792
0 25 10 2.6089406207775836
0 26 67 5.2565820716985066
0 27 13 3.961884000162656
0 28 89 2.5879000843025075
0 29 23 4.098549354628316
0 30 38 5.528139795391612
0 31 45 1.8956030871379557
0 32 26 4.344173723250089
0 33 86 4.053537269163158
0 34 49 1.1025367111109083
0 35 8 2.2273302767030563
0 36 27 3.8693776850753796
0 37 10 1.7513517066152724
0 38 34 4.62971907358983
0 39 44 2.6158443094862296
0 40 51 1.271976482554945
0 41 57 1.6915371389338518
0 42 11 3.5761407425845713
0 43 31 1.4054478768421625
0 44 75 1.7818055675405888
0 45 18 5.2044313330991745
0 46 16 4.691549849045556
0 47 81 0.2909226351871339
0 48 34 5.350937053315147
0 49 25 3.8811192212298016
1 2 70 4.082736630306899
1 3 22 5.963018689736406
1 4 50 1.2982778677895046
1 5 66 1.2955517675776105
1 6 38 2.777257164169713
1 7 2 3.3629104848028764
1 8 18 0.7125673983570948
1 9 86 4.068673519347834
1 10 93 5.361860601324753
1 11 40 2.3598779087888078
1 12 1 2.670476369254253
1 13 57 1.2054340223534197
1 14 58 5.4422401892003816
1 15 6 1.6042458043576906
1 16 12 5.215648726410804
1 17 50 0.2825854808903616
1 18 33 1.6240392290703418
1 19 53 0.9146024492146942
1 20 47 2.717816373320136
1 21 76 4.508069228599728
1 22 34 4.699665054041317
1 23 68 3.2416696217908507
1 24 64 5.482522131584338
1 25 33 4.995265510984068
1 26 39 1.051403550922219
1 27 69 4.65204253979643
1 28 21 5.1602969364816165
1 29 34 1.08031984399671
1 30 22 5.171899110303884
1 31 67 1.3999565247880532
1 32 20 1.6922645456902035
1 33 14 1.6772689129166696
1 34 5 0.11395175398100688
1 35 67 5.488092119349303
1 36 83 3.7796421931338706
1 37 38 5.502679231180566
1 38 78 0.5792028957223714
1 39 64 4.655533644747961
1 40 56 5.128982596857758
1 41 82 3.011866974306648
1 42 9 2.5078595616160015
1 43 47 3.47215113234947
1 44 96 4.117686185890642
1 45 42 5.701726064731734
1 46 1 5.959872392535522
1 47 1 2.3011253280068598
1 48 83 2.62236034734855
1 49 23 3.0859408000249444
2 3 83 5.007887069616218
2 4 7 3.7364375977375524
2 5 68 3.5569431467361463
2 6 77 4.531234609507482
2 7 52 3.75554650972985
2 8 94 2.914981987618951
2 9 29 3.031119778336782
2 10 41 0.7995098699078056
2 11 45 3.7955977451146374
2 12 27 0.0324583837056005
2 13 10 3.0578078457950184
2 14 31 2.3413396659273933
2 15 61 3.0980752274024637
2 16 98 5.367942564160943
2 17 6 1.601314900328242
2 18 50 0.5636316264746124
2 19 48 5.67877504999765
2 20 31 3.040968226486717
2 21 21 1.8151100864717165
2 22 61 3.2486863835845625
2 23 65 0.7095069196485606
2 24 67 4.1846858985354825
2 25 21 3.6542633923840677
2 26 12 5.331935536054721
2 27 43 2.228449520375328
2 28 24 4.623510716319949
2 29 98 4.861118254145597
2 30 43 1.0585177234831404
2 31 91 4.5602217750323195
2 32 0 3.077247590914583
2 33 2 3.9077227659109557
2 34 90 0.1887498586075218
2 35 29 0.9964978684989751
2 36 37 2.500766969825688
2 37 20 2.313814228447459
2 38 70 1.1438822077804869
2 39 16 1.3116010646241316
2 40 93 3.3577449878090526
2 41 47 0.0051025314683490475
2 42 94 3.056857645853314
2 43 71 4.468292423381765
2 44 2 1.979699277944188
2 45 53 0.09598332025406764
2 46 99 1.6971609337909292
2 47 5 4.594491196369476
2 48 54 1.4482543881225327
2 49 52 2.734632177306608
3 4 63 4.186735693637046
3 5 56 5.026170832550635
3 6 86 5.331314422804096
3 7 98 3.7417667724665753
3 8 42 0.5239326090933505
3 9 70 3.055954886341236
3 10 98 4.791897498416637
3 11 22 2.8593063180883553
3 12 15 0.8853757461472356
3 13 34 4.548758239349374
3 14 0 2.3361643525090274
3 15 54 1.036896898909582
3 16 71 1.4736522003289483
3 17 5 1.1191595527630156
3 18 73 5.02500037300665
3 19 71 4.993364094509825
3 20 20 3.0427147522070443
3 21 30 3.078118266000671
3 22 8 0.8568768640070867
3 23 66 1.4059468418365766
3 24 19 5.716279756502463
3 25 20 0.21386432420339085
3 26 99 2.3213647783182916
3 27 8 0.9511340985812431
3 28 68 0.8109794363971348
3 29 84 1.3466046555190478
3 30 79 0.3925388273138595
3 31 83 2.3409459670234547
3 32 94 1.603424681107154
3 33 21 5.586107049909482
3 34 63 2.8229962468594154
3 35 2 0.47440250441916576
3 36 41 2.8712794308435816
3 37 93 0.04228711434094623
3 38 86 4.443622828911022
3 39 49 0.5047364749983707
3 40 50 4.256769279999671
3 41 92 3.4029372974898457
3 42 84 3.873536201686678
3 43 37 5.846086411526281
3 44 95 4.231975678108967
3 45 73 1.3315277191715746
3 46 61 5.338773949052871
3 47 40 5.950890595829502
3 48 10 3.7976367157479607
3 49 52 5.233034709471562
4 5 71 5.250181666656376
4 6 11 5.286468006390258
4 7 64 2.650702609247909
4 8 97 1.9598397332421358
4 9 76 3.8546886507157514
4 10 31 3.8839265983756324
4 11 39 5.626425765242008
4 12 80 5.838381643198831
4 13 19 0.8204240706176054
4 14 22 3.560429405008776
4 15 64 1.9178798907239796
4 16 14 0.6414898466769303
4 17 99 4.017549044112592
4 18 30 1.863584590277659
4 19 83 1.4544541311856123
4 20 4 4.905174435317104
4 21 89 0.35456639744560725
4 22 89 5.707033490195391
4 23 63 2.9237998154611997
4 24 57 5.62975172810056
4 25 68 1.6435634590673132
4 26 60 2.3532944532792865
4 27 53 4.479804440530482
4 28 9 3.973892432021383
4 29 87 0.2842669779401015
4 30 29 3.174579154396316
4 31 47 0.6413626155493022
4 32 85 2.5149198460975803
4 33 96 2.820280191882448
4 34 1 2.157579387799313
4 35 59 5.381526018032
4 36 99 0.7020158826648213
4 37 35 4.945080343897221
4 38 46 2.245793629386196
4 39 69 0.9093052066056497
4 40 5 2.0194552137780333
4 41 46 1.366030686533527
4 42 19 4.672048713140573
4 43 99 4.912210451525098
4 44 53 3.3378194056604036
4 45 97 5.925076783326696
4 46 68 2.043800213160674
4 47 89 3.0376037150529878
4 48 42 1.2028595912051958
4 49 81 1.7938777660432732
5 6 44 4.643239023668997
5 7 15 0.7540086468582377
5 8 74 1.3748259543017762
5 9 28 3.4703004520187575
5 10 93 5.869992747013578
5 11 12 0.5552631317616472
5 12 86 3.8159080528999025
5 13 17 2.572783560014444
5 14 34 3.795736931375205
5 15 5 3.5869233992814555
5 16 89 0.8069184427780052
5 17 61 2.058240576440954
5 18 88 3.032738849131951
5 19 85 1.6526051614058406
5 20 90 0.8259954701792152
5 21 67 1.1517594749645523
5 22 39 5.113774603517162
5 23 55 2.882596333640734
5 24 40 3.70096433861886
5 25 52 5.157636262033487
5 26 7 1.3817235174456233
5 27 86 3.9613393606359932
5 28 79 5.716659053294804
5 29 92 3.526004883717406
5 30 78 4.510932337292043
5 31 13 1.7260560985665798
5 32 65 1.6875146994146035
5 33 61 1.0177172989570613
5 34 98 4.726418432348262
5 35 82 4.7134816365414824
5 36 16 0.8618555816786153
5 37 88 3.7373517123919227
5 38 81 5.4882085976212345
5 39 45 0.9171460475623314
5 40 19 3.097794293709661
5 41 68 5.739978252361425
5 42 78 4.120433755490067
5 43 93 3.5240463704609053
5 44 25 0.41381316343739716
5 45 75 4.888623572039915
5 46 38 2.5826624973039314
5 47 13 0.39928538898645694
5 48 24 1.163272764600131
5 49 38 5.857732963927764
6 7 76 1.8009009553958226
6 8 41 5.518503001257843
6 9 46 1.6413767633294674
6 10 4 3.7729590733929355
6 11 9 5.287397514381753
6 12 54 5.774507036995052
6 13 72 4.792073126321131
6 14 78 5.19148111954904
6 15 11 0.33185618515939375
6 16 94 5.635624109455423
6 17 57 5.497119374182741
6 18 71 4.108273302525397
6 19 31 3.5923072924603017
6 20 9 4.67406158950255
6 21 43 5.203663463212604
6 22 59 0.14645632464414793
6 23 80 4.143838654015758
6 24 20 5.876152632903986
6 25 64 4.0451075251507
6 26 61 5.185061599905374
6 27 89 0.4710741173086912
6 28 34 3.976985738580543
6 29 42 4.983312145175686
6 30 83 3.56222764216271
6 31 23 4.950303859789914
6 32 80 2.7254120258316075
6 33 86 2.270669317066848
6 34 9 1.9023763269259646
6 35 84 2.955535699584007
6 36 33 0.11869478209917084
6 37 13 2.017601732269817
6 38 10 5.109743943466801
6 39 77 0.7695415576933218
6 40 94 5.764370300363639
6 41 95 4.390907783712342
6 42 84 1.8056353736102646
6 43 78 3.8286304986189545
6 44 56 3.673474371748169
6 45 9 1.6810521004718562
6 46 14 5.3903848479865
6 47 97 5.405657622966352
6 48 56 3.2721852049133107
6 49 18 2.2270357832611114
7 8 65 1.7882893797670405
7 9 2 4.346265355765308
7 10 53 0.028260949975728034
7 11 65 1.854979072404525
7 12 65 0.9159348309745197
7 13 32 2.2820484655716715
7 14 66 2.9721487349278366
7 15 27 2.2347765125542196
7 16 23 4.480200959489112
7 17 48 0.17326016305602399
7 18 8 1.9133678990183036
7 19 90 0.3864788737908267
7 20 45 0.29352433127588706
7 21 25 5.950655626928607
7 22 95 1.2745478341397407
7 23 13 4.159166175846238
7 24 63 1.6584502048954142
7 25 5 0.1656700926351098
7 26 55 5.71919801604328
7 27 24 2.0237599546633143
7 28 90 4.249010330402118
7 29 14 1.6645883220829871
7 30 90 3.991909314594353
7 31 12 1.469757792505633
7 32 92 0.7206919603169786
7 33 91 0.585945802009803
7 34 65 2.5466573284354848
7 35 40 0.6598968430609238
7 36 62 1.1204196599342104
7 37 66 3.1105635911769807
7 38 74 2.714755657401833
7 39 7 3.778080515573123
7 40 55 2.837836613129892
7 41 5 3.5438317028882014
7 42 18 2.017291850785246
7 43 89 4.110574533631017
7 44 30 5.830747936584807
7 45 12 3.7947523307417037
7 46 50 4.996801770671129
7 47 12 2.77194461150522
7 48 69 3.048647080641011
7 49 74 3.3544437763863675
8 9 32 0.9360667223379215
8 10 61 1.2772280549833217
8 11 18 2.9357978817033894
8 12 5 4.631295665650471
8 13 27 0.060927579720328806
8 14 14 2.675458758029154
8 15 25 3.6214315460871913
8 16 83 0.8259667927119643
8 17 11 0.8061966339595501
8 18 53 3.6654776849319948
8 19 54 1.8287246156251826
8 20 97 5.499259635159355
8 21 56 0.6380309965924318
8 22 11 2.1274923311181126
8 23 45 1.653178096981844
8 24 74 2.235229835773263
8 25 23 2.501472850811281
8 26 5 5.312018930103783
8 27 32 2.9117646493550886
8 28 76 4.4334333821051315
8 29 73 1.311825210120075
8 30 67 1.5481373341324483
8 31 94 5.3900721393070326
8 32 76 4.308261582420445
8 33 45 1.810069792265466
8 34 9 2.587209598463343
8 35 30 0.8129794667118879
8 36 75 5.308710463331031
8 37 84 3.406818006945544
8 38 97 1.812400652498953
8 39 57 4.089649224604759
8 40 49 1.8319428213165447
8 41 79 5.791009921754031
8 42 47 3.097007524041219
8 43 12 3.8660192713175103
8 44 19 2.4403303434400336
8 45 30 1.7984949094607863
8 46 89 1.62075922132837
8 47 67 1.3931927168945377
8 48 97 2.4362114218579993
8 49 37 1.3458164120848815
9 10 6 3.611363653436715
9 11 35 1.341642220171864
9 12 90 1.6269164364445827
9 13 77 0.3859177411144543
9 14 61 1.0776558793915039
9 15 33 2.6619920412922817
9 16 6 2.2852626438273163
9 17 90 5.729316685248534
9 18 35 2.9069919115368443
9 19 90 4.238432675707803
9 20 94 4.599084274302161
9 21 71 5.878873337303368
9 22 69 3.6512912572749823
9 23 75 5.168829588836983
9 24 28 2.080044268352463
9 25 69 1.9658320770575488
9 26 46 1.8667751842335851
9 27 71 4.373612385274753
9 28 51 5.602976570448903
9 29 65 1.8873232499917625
9 30 18 5.695156015001719
9 31 36 1.781483516916702
9 32 43 2.184642336316595
9 33 66 5.625986450395275
9 34 17 3.058046080564475
9 35 93 3.414968533955968
9 36 43 3.9998156049366167
9 37 94 0.4175091813883749
9 38 80 5.990735051163845
9 39 53 1.807361457955409
9 40 24 4.700405734291792
9 41 63 1.075995835585776
9 42 75 2.1991309793791824
9 43 91 5.046004465656601
9 44 42 2.063571722197165
9 45 51 1.4993594638511318
9 46 5 0.5729401178671092
9 47 82 3.2861214685036275
9 48 65 5.473185984140354
9 49 31 4.010497635549479
10 11 38 2.822840063712976
10 12 9 2.839036952243115
10 13 68 1.8919268996652328
10 14 77 3.4387855045409657
10 15 83 2.493749555069791
10 16 34 4.279357123745351
10 17 70 2.4913148266444285
10 18 22 5.260657470379175
10 19 62 4.7591678763498395
10 20 25 2.5924947453801956
10 21 51 5.939487092901503
10 22 75 1.0116071423149973
10 23 82 2.973198921631254
10 24 37 1.4656641056525435
10 25 79 0.8311205549365479
10 26 27 0.8543447372241524
10 27 90 4.527699382649566
10 28 34 0.9621986268286906
10 29 7 2.0397082632499535
10 30 69 2.669155408074773
10 31 16 4.818065943527905
10 32 14 1.5975920947924234
10 33 39 0.4698467084283946
10 34 94 0.3841083187411296
10 35 14 5.282322592407495
10 36 69 5.361407653185185
10 37 35 1.524481453667892
10 38 95 3.3314627602127436
10 39 46 0.8680807880757901
10 40 10 0.9702585648716866
10 41 15 1.1451880701227943
10 42 43 4.801273912190576
10 43 45 3.2439862625305675
10 44 37 5.04746530400773
10 45 61 3.2336100623797233
10 46 4 4.589025987886902
10 47 81 2.9465059747210995
10 48 28 4.13412207797345
10 49 61 5.7648071540761086
11 12 15 2.817416230700724
11 13 22 1.0061376864821294
11 14 46 1.0965834134164731
11 15 35 0.651510837523698
11 16 96 3.712121338785491
11 17 84 1.7561819131985692
11 18 67 4.563271249712868
11 19 84 1.9662537554449546
11 20 65 3.2902429758541807
11 21 76 1.5803819386636586
11 22 29 5.476435589682051
11 23 2 0.13388059941070818
11 24 19 5.8243157749408265
11 25 44 4.6940392917736995
11 26 71 3.815131918194681
11 27 96 0.7123585511671549
11 28 57 1.12061549263913
11 29 57 0.4454662700853935
11 30 91 2.2809294546344314
11 31 55 3.717421414264781
11 32 7 0.7349328605303918
11 33 78 2.467022769775828
11 34 16 3.180956129886036
11 35 93 0.7640488653682695
11 36 83 2.016217700432924
11 37 86 3.1218686992350824
11 38 54 3.0593990112819833
11 39 92 3.4569067743087754
11 40 85 2.4266459574653405
11 41 61 5.061577309165144
11 42 79 1.464817336737975
11 43 38 1.0428122690328088
11 44 85 2.0898367741201014
11 45 12 4.496992849536455
11 46 65 0.9690537783291318
11 47 24 4.838354152707172
11 48 42 1.0187911977480457
11 49 69 4.853430283673893
12 13 32 2.044061528143364
12 14 87 2.3406410042523405
12 15 65 0.06828967494925209
12 16 77 3.7940018514587788
12 17 29 3.3368962174657724
12 18 72 5.09189519822035
12 19 36 1.9150687125060406
12 20 86 4.855305608287997
12 21 46 0.30661233891547757
12 22 61 3.6277801982017803
12 23 6 5.947108840457195
12 24 77 2.1558494279289926
12 25 38 0.6611301710341222
12 26 54 4.159227159204407
12 27 6 3.8686485900644323
12 28 38 5.1330121383002485
12 29 80 5.467277231416892
12 30 37 4.995426115619326
12 31 12 3.8786158940693714
12 32 15 2.988523915707599
12 33 88 3.830318978847424
12 34 77 2.262133035142493
12 35 2 5.186876923416461
12 36 63 5.454687839836362
12 37 76 3.6002316378978247
12 38 31 0.4829859213835568
12 39 93 5.479838099886697
12 40 93 2.3836503119075734
12 41 84 4.007245275869658
12 42 30 1.3110151934025729
12 43 82 1.7058256195865962
12 44 38 5.428131375100996
12 45 39 2.6830250927282795
12 46 67 1.534168342705128
12 47 53 5.967272687921914
12 48 56 2.1444386896337546
12 49 67 4.715985661059186
13 14 87 0.5570848585307449
13 15 87 4.021009969355778
13 16 24 4.367639873243283
13 17 95 3.609482533254241
13 18 98 1.1155607699440466
13 19 57 4.572052601373768
13 20 25 4.314459243982318
13 21 5 4.912110442356605
13 22 90 3.858168786406095
13 23 5 4.74889989251019
13 24 56 3.29437551664461
13 25 84 5.052086851492399
13 26 64 1.8298263102363033
13 27 94 5.870627904911216
13 28 0 1.7471431768140135
13 29 54 2.7496666240151417
13 30 87 0.7672923515044618
13 31 31 0.3428088482633369
13 32 36 0.9843466400914944
13 33 71 2.044168854941086
13 34 84 4.734621119808066
13 35 35 2.11201144278091
13 36 24 0.9577962140237732
13 37 51 0.31043493756341944
13 38 76 1.8953088751975486
13 39 86 3.9209075539492666
13 40 36 5.331536121037512
13 41 9 4.2461426130873035
13 42 27 5.856017129505452
13 43 40 4.031682189832431
13 44 69 2.006636715850047
13 45 63 0.0593676930445306
13 46 69 5.571548028780077
13 47 61 0.3968863809394503
13 48 79 0.051090646066298095
13 49 11 5.358734730390968
14 15 51 2.9454825178852344
14 16 99 0.4131705498410403
14 17 6 2.200867196256196
14 18 47 1.2421246415723797
14 19 21 4.214596817854695
14 20 84 4.428788151668692
14 21 8 0.23048191560019227
14 22 84 5.943007788544835
14 23 21 5.648214985083223
14 24 17 3.5918497384299735
14 25 31 4.2798850841660245
14 26 61 1.6328200279715313
14 27 30 1.703031375265853
14 28 8 3.788741348687841
14 29 29 5.919839596224408
14 30 53 1.9734783609632094
14 31 26 4.398124195790282
14 32 71 3.2535967176272376
14 33 87 1.6405978630376894
14 34 30 3.238795905383893
14 35 90 0.34395997517205346
14 36 72 4.6145188555530865
14 37 30 4.397301063290207
14 38 95 0.04549741180999334
14 39 68 5.939621126001397
14 40 29 0.5199615843376475
14 41 62 2.4234441809449008
14 42 67 3.9340458475731994
14 43 54 1.9907158819944641
14 44 27 2.4064677281072884
14 45 97 0.015009220946224255
14 46 19 4.227511269864195
14 47 65 1.1870930903445827
14 48 45 4.931380809247498
14 49 63 2.2330216572860038
15 16 78 3.4654487488052466
15 17 95 4.816177220250117
15 18 6 1.434094182488173
15 19 84 2.1175999678089505
15 20 19 0.11755206692605569
15 21 92 1.8245020661327538
15 22 26 1.0558191396467185
15 23 50 5.171951415058871
15 24 38 2.8065140415869276
15 25 4 5.52944543307404
15 26 14 3.893630391699995
15 27 57 3.900215126997013
15 28 40 3.062400242281429
15 29 47 4.845954933621247
15 30 26 2.0937795280961353
15 31 25 4.669063500555678
15 32 46 1.2945854589762689
15 33 36 5.679908988213542
15 34 46 2.021838958045623
15 35 58 4.326530179914382
15 36 3 2.69126260432813
15 37 40 0.4037820139865036
15 38 54 4.897413778468459
15 39 52 2.529806515324693
15 40 88 3.615317293542974
15 41 60 4.0879821605899505
15 42 95 4.931518086209392
15 43 81 0.41506732355319054
15 44 69 5.841586686088064
15 45 95 5.9942967482703455
15 46 45 4.43140820932336
15 47 35 5.414274393119465
15 48 24 0.02188372775287384
15 49 47 1.7780254572170677
16 17 23 0.46911752039150323
16 18 18 3.557617980253137
16 19 25 4.203890944158045
16 20 61 3.4291095073018933
16 21 59 3.4277708011953045
16 22 46 3.3942257536856086
16 23 79 5.543571153578169
16 24 29 5.61243457756917
16 25 35 3.9786167802418415
16 26 1 1.2906369989704878
16 27 14 2.5897985872514857
16 28 56 0.6403949252396395
16 29 57 1.901441429053345
16 30 78 5.113166058991956
16 31 63 2.3006858431589245
16 32 56 3.679094018776298
16 33 48 4.702267644975587
16 34 17 5.710804753721375
16 35 14 3.931132758462434
16 36 9 5.374419877830331
16 37 15 1.2357583341931584
16 38 91 3.297177494896124
16 39 24 3.9389803068992917
16 40 22 4.375547428173233
16 41 14 2.6397723935088053
16 42 68 5.640898011590167
16 43 83 0.38516961107607695
16 44 97 1.9101579440152254
16 45 9 5.72267022083623
16 46 39 3.8154207327642267
16 47 31 0.67236207342158
16 48 35 4.767542412123811
16 49 78 5.913333686039542
17 18 4 0.988221504582689
17 19 97 1.3779531941259522
17 20 13 5.975258351146279
17 21 40 1.5629313561293254
17 22 5 1.4732782653879475
17 23 86 2.414646182002392
17 24 13 2.8849434402918024
17 25 75 2.356250361703822
17 26 50 1.53657943454874
17 27 86 3.220428491133024
17 28 3 3.3980463625785307
17 29 45 1.9494696153795954
17 30 95 3.3085884463729123
17 31 69 2.080353679846281
17 32 77 2.5906159804036673
17 33 83 2.8219920196165846
17 34 84 0.3088961049147523
17 35 2 5.268817362276326
17 36 66 4.732914904284825
17 37 62 3.055249308552828
17 38 58 3.104804642573124
17 39 28 0.8725683554169086
17 40 80 2.34079455691828
17 41 35 5.787921079462038
17 42 70 3.3326311241368574
17 43 66 0.22458855394994615
17 44 30 1.5773810561277606
17 45 1 2.6381830715510883
17 46 15 0.528274507807716
17 47 56 3.986755622859173
17 48 85 1.057929450012201
17 49 56 0.0835203565173126
18 19 77 4.7843876783309955
18 20 88 5.0553774050135045
18 21 67 1.6039042010853901
18 22 98 2.411486357964612
18 23 30 1.7740799666929459
18 24 98 1.0164544100218447
18 25 66 2.8542086941319154
18 26 10 1.1989784601225015
18 27 9 0.5480390649631692
18 28 91 2.011616015000352
18 29 60 2.295333419136573
18 30 64 5.8403492613902195
18 31 16 1.6156749765987828
18 32 64 0.8606765732242099
18 33 59 4.185633453397999
18 34 76 2.9814906906427785
18 35 49 5.357098328137679
18 36 14 4.436717285058096
18 37 88 3.2240421487290787
18 38 44 5.380321439903005
18 39 97 2.9732844593370436
18 40 31 4.792249941105201
18 41 54 0.9309687398108522
18 42 52 2.0083886307127456
18 43 52 4.815136775935218
18 44 15 3.6254921166255727
18 45 17 0.16699421253834967
18 46 89 1.948985308900054
18 47 93 5.021361099607964
18 48 56 5.20953350779952
18 49 22 1.4623079419275624
19 20 30 0.5555544269846799
19 21 69 1.5521019285666087
19 22 1 4.006550803568551
19 23 28 5.424425812620447
19 24 80 4.468837596763736
19 25 10 3.921191016475179
19 26 38 1.0572660962677052
19 27 49 4.38621764676405
19 28 15 5.943840822238594
19 29 35 5.553653162307127
19 30 38 2.711914159659112
19 31 67 4.741728414310378
19 32 13 0.22435144374361693
19 33 1 0.635494202148633
19 34 91 1.8641473138369735
19 35 38 4.024078222793512
19 36 35 3.1265255722253302
19 37 26 3.8078027267284633
19 38 50 3.6927913130794057
19 39 83 1.3337482827634517
19 40 92 4.913389260067014
19 41 6 5.975059902972857
19 42 48 0.5165422483801834
19 43 52 5.680572069592881
19 44 24 2.640027309225929
19 45 30 4.194525302674444
19 46 73 4.548115985027677
19 47 33 3.5171935467436635
19 48 88 0.6153240133807367
19 49 47 3.723293536425612
20 21 56 1.2837476694572907
20 22 68 4.755545285488484
20 23 64 3.4671568349841415
20 24 24 1.2320944605486
20 25 76 3.8518949013481896
20 26 33 4.88107478112608
20 27 36 2.1863744040232644
20 28 82 1.5039417064609497
20 29 82 4.755566419787037
20 30 59 4.79101870415158
20 31 40 4.065983225820854
20 32 54 2.380420080301139
20 33 40 2.144367243271045
20 34 86 5.65687100361844
20 35 0 2.901730813913959
20 36 65 1.3826817415866643
20 37 86 1.7771570606632872
20 38 54 2.6620154615495686
20 39 65 5.848195804540758
20 40 82 4.979980208083807
20 41 31 2.159880188486754
20 42 88 3.2628101935011715
20 43 91 1.7925087655127268
20 44 42 0.7607785612459361
20 45 5 3.4758079936955912
20 46 67 2.5161600449166857
20 47 49 1.2134939098478597
20 48 7 5.919459928213225
20 49 22 0.7244767413454332
21 22 95 4.688116311479796
21 23 33 5.179547307315239
21 24 17 4.653881965100653
21 25 97 0.8569788354049144
21 26 11 1.3520063040226555
21 27 47 3.5515739356954166
21 28 50 5.308450035647633
21 29 0 4.770829316129877
21 30 0 3.663561634420426
21 31 91 4.0486235634732965
21 32 76 4.745480385437858
21 33 63 3.2468677216665447
21 34 95 3.9985895627645256
21 35 40 4.79989999488257
21 36 53 4.4672663306324685
21 37 53 1.0834109617813152
21 38 61 3.5500099336475333
21 39 98 4.418863409821446
21 40 9 4.996241582106156
21 41 98 3.1735591708268647
21 42 91 3.9433286579430984
21 43 55 3.1175136940114916
21 44 69 1.1266145940745127
21 45 0 5.496449866385322
21 46 97 3.596666851197467
21 47 20 5.25830072316799
21 48 35 0.23106369516591618
21 49 98 4.7372884229692485
22 23 45 0.5963754309069236
22 24 28 1.7273988182753428
22 25 51 4.70954087874015
22 26 40 4.563008888120524
22 27 9 5.255953303544787
22 28 60 2.7158693277064057
22 29 67 4.541667485664037
22 30 96 2.9351247554041064
22 31 88 5.016198859474779
22 32 63 0.47016046980102466
22 33 32 5.35958917444183
22 34 15 1.1476905411788958
22 35 91 0.6110654728936107
22 36 23 4.104228891385671
22 37 95 4.0073178492280555
22 38 6 0.7516488653948996
22 39 36 5.316454578225126
22 40 73 4.600587135834619
22 41 28 5.253118324472297
22 42 38 1.2322475000069013
22 43 55 3.088600940363452
22 44 26 5.5358852946840384
22 45 6 4.347803707606074
22 46 49 1.0141492660017424
22 47 24 1.968712994670163
22 48 14 0.16768475505794544
22 49 72 2.5922212494097727
23 24 56 4.410920406609645
23 25 64 4.196717425553826
23 26 6 5.447009282193016
23 27 41 5.215965638867992
23 28 15 5.149311870219709
23 29 0 3.1008437231954904
23 30 61 3.6522817033622337
23 31 39 2.1242328725699267
23 32 51 1.8035617995513302
23 33 15 4.121617338694344
23 34 5 2.1349326483419837
23 35 28 3.8661928820189537
23 36 3 5.133044305415196
23 37 61 4.960519485214206
23 38 63 5.414868855475025
23 39 78 5.590758930602551
23 40 41 2.5276718621548935
23 41 1 2.0447373283323147
23 42 18 0.13135656020401787
23 43 24 2.076251021179699
23 44 9 2.839431813073504
23 45 59 4.659353206121832
23 46 96 5.874581991294383
23 47 29 3.1702092130805557
23 48 84 0.368365293748113
23 49 23 3.759377049689161
24 25 41 0.4951272548159795
24 26 56 4.963816061396804
24 27 83 0.030744368433337943
24 28 1 3.849905333956502
24 29 55 0.887872250612495
24 30 89 3.314570349244496
24 31 7 3.0522354104277998
24 32 49 1.5518909341189344
24 33 82 2.5710982210695006
24 34 72 3.0386446042426245
24 35 88 4.044970421948934
24 36 55 5.174294993679195
24 37 46 5.030201636023525
24 38 96 4.18935963338689
24 39 99 2.1387322998352407
24 40 62 0.5394796348632962
24 41 28 1.9623459486594803
24 42 26 2.856756948288192
24 43 79 0.2668925512319582
24 44 33 0.9270457123281692
24 45 88 2.759601400134426
24 46 62 4.113114180033964
24 47 59 0.296599650187904
24 48 23 3.671725321218859
24 49 50 0.26478888583127413
25 26 70 3.6447478679807332
25 27 6 2.1218479390698475
25 28 28 2.097310728950921
25 29 37 2.295857396059364
25 30 23 1.7037479781654088
25 31 23 2.1648843931025463
25 32 63 0.5270390856309883
25 33 1 1.38412349983493
25 34 95 5.265099287576298
25 35 12 1.3793770608186735
25 36 70 4.394544877948516
25 37 89 1.5875621849834902
25 38 68 4.329432643567818
25 39 99 0.9952348483746336
25 40 77 5.821051557477509
25 41 90 2.8521851542685095
25 42 78 5.829324615196033
25 43 32 5.736683895715079
25 44 37 4.290445349656919
25 45 67 1.0838792828904213
25 46 99 1.5884495331155828
25 47 0 3.0713955190538806
25 48 11 2.922373929788484
25 49 77 1.5348004591904238
26 27 0 5.495453197957867
26 28 42 3.020422535035494
26 29 6 4.073176705626102
26 30 63 3.397394283310056
26 31 80 5.291178585217633
26 32 51 0.9474702406267945
26 33 60 0.30589463816248563
26 34 7 2.5424739892774846
26 35 97 4.5922233291154875
26 36 17 5.365461728058619
26 37 31 5.448108879880215
26 38 32 4.426493180296044
26 39 51 1.4939024954902484
26 40 35 3.0979407663673144
26 41 81 3.7518687270246094
26 42 75 5.450215357600953
26 43 21 4.235263106103922
26 44 66 0.02829548941945048
26 45 36 3.0075444139450394
26 46 52 4.613493300594122
26 47 85 2.1076212305208966
26 48 80 3.366756347502055
26 49 69 4.420332626676726
27 28 60 3.020214344819104
27 29 59 3.663203980844253
27 30 31 0.6035464108469684
27 31 58 0.9962089407970462
27 32 38 1.4063706502531368
27 33 76 0.9063870920501604
27 34 70 2.065973755922773
27 35 47 5.614658788767287
27 36 20 3.670247240518502
27 37 55 5.313986753119539
27 38 58 4.692145922148233
27 39 31 0.11131950575972516
27 40 76 3.1629026087322814
27 41 62 4.656826706005884
27 42 44 2.058501104459808
27 43 33 0.8865985542384138
27 44 20 2.741751301561841
27 45 72 3.6688287031025455
27 46 34 0.46443285118199884
27 47 71 2.1052719788602703
27 48 41 3.3973077848127726
27 49 71 4.532884286954398
28 29 29 1.1880984547425504
28 30 11 5.539920794734983
28 31 97 5.757053781237625
28 32 20 0.6972763783574918
28 33 11 2.865912648808604
28 34 16 1.9296004562997007
28 35 2 0.30514828933330906
28 36 2 2.5979753854601304
28 37 39 3.7291519005559737
28 38 3 2.695220912070301
28 39 22 2.4855990659368237
28 40 15 2.9857333280859075
28 41 85 2.541400679061919
28 42 23 5.16617089978875
28 43 63 1.88011287881893
28 44 78 1.0907030953745538
28 45 9 0.9113872334331932
28 46 33 4.741457423201155
28 47 61 0.6814844311747292
28 48 40 3.2930975825506503
28 49 65 4.2814296570821515
29 30 63 2.755786223393028
29 31 97 4.521324324549056
29 32 37 1.6062937022828159
29 33 18 3.4354441396998645
29 34 71 4.122237117417223
29 35 19 2.5120802166851997
29 36 2 0.885288101441468
29 37 33 2.190556395795027
29 38 40 1.6018469986413622
29 39 72 0.9079783300000701
29 40 88 4.630823535835111
29 41 90 5.77132699458173
29 42 76 4.782267833740849
29 43 35 1.6945000400905867
29 44 56 1.9805881558642782
29 45 41 0.6754265731276026
29 46 20 4.991845940685587
29 47 71 1.5324209592837363
29 48 28 3.5082161347094214
29 49 9 5.195806886732458
30 31 7 0.6855536680337948
30 32 51 5.507729166922705
30 33 44 1.8565053840050405
30 34 55 4.89320145179301
30 35 72 5.005236036784424
30 36 37 1.1569694939065098
30 37 20 1.8743796305342506
30 38 9 3.3523343968627133
30 39 71 0.19094955244567036
30 40 71 0.538128164084857
30 41 68 5.656968039670006
30 42 38 1.002589955610209
30 43 67 0.860271060288516
30 44 24 0.14362919799682117
30 45 61 1.8872005857594756
30 46 27 4.826701790344904
30 47 67 2.1803097347624822
30 48 11 3.243758117083004
30 49 67 5.363060160339954
31 32 81 3.087254825362371
31 33 73 5.188181808108566
31 34 25 1.349278037424242
31 35 56 1.8681239721752596
31 36 90 5.3224391839980365
31 37 91 2.2738832268929086
31 38 30 5.13761619032311
31 39 0 2.983789185351089
31 40 90 5.220439749289399
31 41 6 1.7233366253103093
31 42 12 5.587793653886768
31 43 16 1.6979581447749357
31 44 83 3.7209771056411087
31 45 81 1.1196381204063575
31 46 39 2.811039820476526
31 47 43 2.7711807067787975
31 48 23 4.3523961520842445
31 49 88 5.03911916966005
32 33 69 0.36225292577962365
32 34 29 5.355618568748001
32 35 23 0.47635060699816956
32 36 38 1.2153117898009602
32 37 8 2.5712537602703662
32 38 51 3.895214320398237
32 39 93 1.1497905110981517
32 40 77 2.442016459767543
32 41 58 0.8534135728364607
32 42 91 4.170934423935826
32 43 37 0.5328799686124446
32 44 81 3.887446151391571
32 45 72 3.6776600836723015
32 46 5 2.633017297778687
32 47 43 2.867482199407573
32 48 46 5.268394616882709
32 49 40 3.7188533617943347
33 34 54 2.634378177645705
33 35 71 1.6601340920484167
33 36 75 4.671501502266027
33 37 61 4.1831733195680165
33 38 61 5.824330671901063
33 39 17 3.0309210825258335
33 40 24 1.7746233388195687
33 41 1 5.170548556452545
33 42 67 2.3800239759115023
33 43 69 5.240458570835761
33 44 20 0.9623602879103992
33 45 17 4.5093436027704765
33 46 12 3.2557175509848157
33 47 71 1.0942818202960145
33 48 52 0.19442585220206965
33 49 55 0.5814006028204175
34 35 58 1.1830633860682125
34 36 50 1.3050499652980192
34 37 84 5.387407558478971
34 38 80 3.2470563646829365
34 39 17 1.1585570214936671
34 40 37 0.5845208793419996
34 41 68 4.693881851283508
34 42 73 4.807300769537825
34 43 56 1.7193177774469777
34 44 49 5.396544814617492
34 45 77 0.9681963429455387
34 46 35 1.8984519142203726
34 47 81 0.6616498669483324
34 48 69 0.2482049102852164
34 49 46 1.8561253732181253
35 36 66 1.8995532240204656
35 37 78 0.7536355059201116
35 38 15 1.2557367098949594
35 39 94 1.5115390351057432
35 40 63 0.490275400618734
35 41 60 2.694927500544637
35 42 6 3.701333122420917
35 43 63 3.6376663653851455
35 44 52 1.6426734069916775
35 45 8 2.0956707654954307
35 46 18 0.21326832861218548
35 47 59 2.483786813786959
35 48 80 4.652970585623212
35 49 55 5.7824705150091
36 37 64 2.4375825059496923
36 38 49 1.3466090362825558
36 39 22 0.004985851488753523
36 40 50 3.1078140031529102
36 41 96 0.38988834057772404
36 42 3 5.363825737096074
36 43 6 3.0954689827887076
36 44 50 1.1890071546988696
36 45 79 0.5574615234103422
36 46 8 4.169994288230139
36 47 92 1.2124391906362926
36 48 48 5.304254397406892
36 49 11 5.493372833593039
37 38 98 4.859715914387706
37 39 3 5.708383141854593
37 40 47 1.942522974736282
37 41 78 2.7801551950851486
37 42 46 2.404211577242407
37 43 5 1.1233125631907033
37 44 34 0.6911589336565227
37 45 41 2.4051491711098825
37 46 56 4.67444161854826
37 47 62 4.218659051121775
37 48 72 3.7035874126005144
37 49 84 4.750721702028818
38 39 4 5.569396952241044
38 40 32 3.720540918303172
38 41 7 2.1107386353408915
38 42 8 0.6540138163563582
38 43 77 1.000994517983303
38 44 43 2.633932575629627
38 45 79 4.115918242455093
38 46 90 3.8564830974189954
38 47 99 3.132221290651171
38 48 92 3.5225180976773585
38 49 11 0.5165696269172975
39 40 96 3.769625332871
39 41 89 4.164771821053485
39 42 24 1.880522825451359
39 43 82 2.3138127432249043
39 44 19 2.9994224116307864
39 45 2 4.658611411540235
39 46 75 5.286052040471992
39 47 17 1.104430405599968
39 48 62 5.431860159081757
39 49 24 2.7275838068816034
40 41 68 5.351699568001755
40 42 86 5.466464525120536
40 43 79 1.2542489221191981
40 44 32 1.005617126765042
40 45 77 3.6379422944104824
40 46 11 0.4877572015207403
40 47 60 5.604660926648466
40 48 45 3.1862689636852672
40 49 77 1.5723022969712006
41 42 15 4.104742056222557
41 43 28 4.322426062352464
41 44 22 5.105479302528796
41 45 34 1.0146591302485557
41 46 2 0.4145259222296298
41 47 3 5.166648350998665
41 48 70 4.662182692633391
41 49 24 2.3482557022439643
42 43 44 1.8278568616351423
42 44 17 4.496602335673794
42 45 65 2.4707447875856485
42 46 8 2.076151808665281
42 47 69 1.207848734774345
42 48 48 1.9899921358830703
42 49 48 3.645569486671645
43 44 8 3.1917399253183176
43 45 70 4.945128749613522
43 46 62 1.6142808908943969
43 47 94 4.002830297457375
43 48 86 4.927995669677244
43 49 41 5.754678442114787
44 45 19 1.4345723584547672
44 46 7 0.743250442908844
44 47 23 0.26009404285147886
44 48 85 2.852279883820884
44 49 55 5.220649766552382
45 46 54 4.83119448460371
45 47 42 2.2290270818792077
45 48 97 3.4347804910285635
45 49 99 3.060524980849558
46 47 6 2.731452640012397
46 48 44 2.152055163581859
46 49 45 0.5663405413130762
47 48 48 3.592535700943441
47 49 90 2.83237015415998
48 49 2 1.1543305547412626